27
75
96
61
15
45
46
51
23
69
0
90
27
89
6
9
25
1
13
65
4
17
28
48
80
74
35
12
75
87
28
68
27
90
29
42
34
41
59
23
9
26
79
3
14
86
12
39
87
26
70
57
9
99
72
89
72
6
67
13
59
62
81
52
17
76
60
18
17
86
41
93
11
20
96
92
72
8
98
24
0
67
48
9
65
19
99
3
92
65
83
50
26
29
68
44
5
94
28
89
79
69
81
90
55
43
48
93
51
45
84
51
11
31
60
43
50
24
12
41
90
95
57
82
23
91
92
95
84
19
49
29
55
30
85
9
73
32
69
90
77
52
6
55
83
66
64
99
57
76
5
46
36
62
94
25
18
86
20
68
71
69
97
25
65
82
1
3
13
70
59
57
21
65
11
70
98
41
68
54
16
73
100
18
0
59
43
85
44
29
52
15
65
49
40
96
97
41
100
9
10
58
32
98
90
9
67
87
50
0
40
32
39
5
50
39
64
60
90
75
55
42
90
19
57
96
15
53
3
81
28
80
4
27
78
94
36
10
46
87
11
86
18
16
57
69
22
21
95
11
96
49
19
51
69
76
46
50
95
15
97
90
96
0
16
39
61
52
49
6
38
26
59
23
43
15
58
65
2
52
42
98
67
62
14
35
37
27
51
99
42
47
88
37
14
70
76
75
21
92
81
26
84
39
15
26
55
73
57
57
91
66
21
57
27
1
59
30
28
9
28
71
23
82
74
37
51
16
11
39
74
92
31
57
98
46
50
18
18
73
41
8
38
28
65
65
30
23
62
58
100
90
95
22
38
35
59
55
17
70
94
91
27
91
13
91
36
63
8
20
36
16
95
74
44
60
5
74
49
67
99
14
22
59
36
60
94
61
82
10
97
75
67
24
66
81
81
68
43
56
89
45
72
83
86
15
8
57
56
24
23
54
38
11
12
41
38
73
1
19
83
99
60
16
89
92
97
69
60
5
24
14
51
62
63
36
44
38
93
100
62
82
19
66
59
31
6
97
70
8
82
19
73
42
35
61
33
31
96
59
2
87
39
53
48
69
55
92
6
13
91
34
61
76
100
20
7
73
83
43
81
65
62
19
73
97
80
72
94
75
31
97
61
36
49
76
4
71
67
10
50
24
44
11
100
10
98
73
83
80
16
29
10
78
48
83
75
94
55
68
34
52
30
96
54
80
37
59
16
3
35
66
94
80
43
94
56
6
66
38
53
48
67
63
26
81
12
67
74
67
0
7
85
31
69
38
77
72
97
93
76
99
24
69
78
34
28
100
40
61
37
59
8
70
22
34
16
34
67
56
67
68
29
17
99
99
55
41
36
18
100
11
16
90
47
60
23
75
59
30
35
62
89
10
98
77
10
13
77
78
35
9
11
64
26
76
28
48
16
65
32
15
76
14
4
89
74
95
64
99
91
65
26
79
75
90
22
86
69
65
29
3
75
40
67
67
15
96
81
31
60
12
12
1
26
16
91
66
77
20
30
67
51
22
12
93
11
34
78
80
65
73
49
39
12
16
73
94
11
53
24
37
66
2
4
58
18
95
24
96
81
20
28
32
43
40
24
20
40
68
67
5
40
15
44
18
31
16
11
8
36
1
11
1
3
16
25
21
77
15
83
58
36
11
56
45
17
80
31
58
13
98
63
53
80
73
37
77
56
48
86
92
49
63
59
52
79
84
39
22
100
89
80
35
100
35
46
83
81
77
40
94
41
2
12
20
76
15
97
31
63
48
89
11
78
47
29
56
30
68
44
29
56
23
30
21
24
42
4
71
19
44
30
26
13
42
46
55
23
8
52
86
23
40
63
0
87
92
22
83
60
67
12
15
56
8
3
81
51
7
51
36
51
82
62
30
90
74
85
13
48
36
65
71
76
28
71
28
19
94
11
79
26
90
61
82
64
64
62
14
37
80
16
54
27
44
85
16
17
69
96
66
72
61
36
47
89
74
42
74
33
19
19
59
8
46
6
38
9
69
19
12
14
35
66
41
80
50
23
63
86
86
95
57
12
31
70
67
71
78
40
3
97
59
28
71
71
34
9
46
69
28
58
49
29
24
90
75
40
80
38
92
31
32
14
43
29
51
9
100
28
15
69
92
41
63
62
11
64
37
58
32
31
82
82
61
5
37
35
12
83
39
70
80
72
85
22
67
35
98
33
29
80
68
20
20
31
83
98
95
86
21
93
17
3
40
78
75
44
79
53
93
18
23
73
56
7
95
22
8
59
21
37
38
90
58
24
20
6
88
